PC1	PC2	PC3	PC4	PC5	PC6	PC7	PC8	PC9	PC10	PC11	PC12	PC13	PC14	PC15
A	-0.970906026408001	-0.323681347371203	15.7206518221322	-0.508840655632075	3.7402185826504	-0.778796812231878	3.38667656384665	-0.913062747756598	3.00614750780962	-2.32919906002667	0.787021897929849	-1.8743796601396	1.53335388267698	1.3444609979428	3.35815928624532
R	8.53814624869308	-13.7874583583686	-4.77062839503559	-1.164493779805	-9.46561382764551	6.79244266108082	1.98971003980151	-5.15274046492092	-2.93772087687042	-5.89206950892258	5.26993696032714	1.61036613224437	-1.95208182953383	-0.644089995894696	1.53934308642653
N	14.8697608823814	1.57062419351366	-3.62321751338539	5.63672397606222	-1.78396130934604	-3.6273682169564	-1.44652457140288	5.39945262367184	0.876168782317429	4.11287759691914	1.91381611263301	2.42063270400044	-3.81386421602415	-5.24259600349578	3.97131233439305
D	18.126265894029	-2.147381547322	-0.252169840858429	2.31366106621094	6.52406371824222	-4.88386469358817	-9.13828093975311	-0.710243755381537	-2.10295526053507	-1.27865374462701	1.48217397992869	1.43032328912492	-4.04631610616374	5.72388975986284	-1.78674912966952
C	-8.36918251369427	8.3031934498954	-6.6196694564762	13.8734139891373	8.59531323791867	9.79914818190207	1.26911186662177	-4.63752901352054	-0.983921565990354	4.3634243590938	2.34365256090458	0.343445840449375	1.18290876288827	0.0132558803925318	-0.696621502763574
E	12.0315987413064	-13.3012190783805	8.27995381662754	-2.19638859736273	8.48308970891187	-2.02004094269803	-4.58165905380202	-2.68526504570203	-2.60424798324428	-0.13228263087124	-0.239494399428607	-2.40393484763327	4.18027450184331	-4.40432038586252	0.239790654440735
Q	7.92109649541505	-8.69666505891922	-0.597016944992033	0.020462956968454	0.930263968878804	2.56565473960784	1.14554765946938	0.50500247292699	0.714673438110632	0.0443860553021852	-6.00954372483693	3.89329375996293	2.44305792954492	-2.76002277530737	-1.6987171966435
G	14.8392087276565	19.241389058527	5.93438828703323	5.6673840103989	-5.81883134135928	-8.78866739105715	5.73914234836355	-4.72849217650846	-4.20333218578641	-1.56492844517094	-1.37450168764811	-0.612538358248982	0.661713396711836	-0.699213715441531	-1.40639533631965
H	0.688054393776236	-6.17956596015547	-6.80550603963819	3.94746531151465	1.33297594422066	-0.512113037063432	4.73783089151909	8.74722376658272	-3.12401236141799	-1.5759818605281	1.98977265617852	-7.78869789136917	0.99852322205236	1.37575734278336	-0.431200176359418
I	-20.3408467684748	4.14384692950592	3.86394279267726	-3.40504490796988	-2.78992753593753	1.46082574288602	-4.07088528387306	0.583871517452551	-3.41337954154765	1.84625632023229	-3.12082911814009	-1.14873131307641	-4.65093113761947	-1.64689363496071	1.46078506741182
L	-17.6362377212498	-0.352395967499455	11.8392431711762	-5.3754085147865	-1.15954659421633	-1.97240236972529	0.85513949646815	0.530557404169316	2.12017619683102	4.05167587537177	7.06745698911776	2.57547229188008	1.45479039853073	1.28288187447289	-0.265547876534496
K	11.7065885118909	-13.6448857650545	2.13621858404915	-2.01605285265223	-6.38068619478022	0.812260806672307	4.37857191762294	-1.64960819597265	1.42540471981008	8.60094140470994	-2.91415960161008	-1.63197862122119	-1.76542325626818	2.935935422477	-2.78651304601605
M	-15.5965459439888	-5.74596901310561	1.05654897999068	1.82581269817027	6.65236588032325	-1.21996347058177	6.87749570872555	2.80480871298562	-1.90746691338316	-3.59099156149383	-4.05859459604521	5.8399736792111	-2.03857504059584	2.47274256865339	1.55383648787537
F	-18.5957285875671	0.922355086860979	-3.3174326841828	-2.5217456210048	-0.451259225474838	-4.09153376370189	-0.39932096393613	2.41122440369446	-1.08364129945629	-1.47072537310938	3.19432867781133	2.04374526745972	0.29441083041113	-3.18840008751722	-6.45603094467351
P	16.2170472324125	15.0912703606343	-8.72320617074907	-18.7775000606303	6.46478124101104	4.5624497624343	3.05557798937367	0.156904082894837	-0.669299994747313	0.733899404673533	0.395332101489257	-0.16512657530992	-0.43811541502197	0.0520347513015065	0.505554282481843
S	11.8527409926327	6.88460213778818	2.96725950854065	3.62901850422307	-2.8861931213862	2.32382186250058	-1.33830204027272	3.31676758103915	6.26373174858307	-0.897892655616456	0.73941400126498	1.15021804640236	1.36104635450631	1.1330584751681	1.16395609475909
T	4.53029864849734	5.12654936011017	1.43605965188805	1.76843719960302	-3.39334851766157	5.24360932225774	-3.36448142640725	2.20062621411236	6.52685306875626	-4.74609137120591	-2.03988323807275	-0.650552894793387	0.192728842753563	-0.254397918567873	-3.25573314184742
W	-16.2976860162016	-3.90769937000452	-13.7925548759183	-0.843257985763393	2.33264712806999	-8.04187275898055	0.501864943465053	-6.42108914752241	7.23273529548279	-1.12521690586036	-1.01561523945109	-3.54186465784877	-1.94456110459367	-0.814384632830866	1.37250825023202
Y	-7.4992600032643	1.31004506697425	-12.0779223752836	-1.16106141023061	-6.89463929659625	-3.23103967849783	-4.86248110814052	0.688151743491353	-2.45473764293373	1.48233973841234	-1.42869414470103	2.18166426644109	7.4468280975112	3.07831950098463	2.84874949417693
V	-16.0144131878424	5.49304582237124	7.34505768240461	-0.712585326451388	-4.03171244582313	5.6074500557407	-4.73473403768965	-0.446559975736051	-2.68117513178825	-0.631767637282524	-2.98159018765122	-3.67133045753567	-1.09976811360973	0.241982575839527	0.769513312384431
